96197fd9034c3a4fa56c861320fe0e98a63dbdc5b501a2be661fcd879c72b1ab 11 0 0 0
22c1681e89dc54a3bbdfa2d9aa3dceeda21788cabf0e6d1b86c48e37783888eb 477 477 2621 1325
bf11d44625cbc3e0b41c6402a8cb5dd787fce304175bf79eb1313e9ca255494d 0 0 0 0
138b1374a9218bfee6d1e3b60dd369e8e18d018aaba276e5784f91233488db64 2 2 1 0
c4c79971107cd1391325345f618fd9fa8badbfdb3f2af6914c4e85b2e12936c2 1 1 339 0
1a94cdd9b69a332367e10c348d9af7d8ae25500efbb4d44f2a24336e54cf9db3 1 0 0 0
da802717c6bfbda4853a7453e5f085aaf39ecd3f68cdf143b11a474cc9939318 1 1 23 0
e6549ae4de60c491e805d507cb72a23a30ace415a49676ceb6b377409c89a47f 2 0 0 0
88b84c88ec3f7970230bc289153aacc94fe3c3a74cd354323c0bab6476d8e068 1 0 0 0
83a1b138698ef7b1430e865eb6fbc4c66fee3d1522be978e1337e1afe01a629c 6 0 0 0
fad5f8f8a076800b1da0c0c1cabeb52cd5c242516d37c94a490ddca98e9da1c2 9 9 9372 1535
ed695cc66f0536548b8fac6f6637029c4956002dbb8a8aa9abe84e2534901acd 5 5 18824 42
90a2ef64c6999eccda8c410a9cc9150340bf70c5dfae0b5ad7ec249e5cb31962 1 1 6084 0
ba55a19789dc495d73442583aa27a92f6028e12ab272a319ce77d275d3af929f 2 0 0 0
1591d26d8a7b873ee2b08dcc5a67dba16b247ebc5119df62189474e0aff2d9f0 1 1 2 0
a9817488d65818659eaf5b1d27e4e5f6590e2f5bdbce477f7fc7221c6377cf0c 2 2 1755301 0
684924aac0d40984b83b3d4846137378b95b3ac37425d69f9221bb43c56e67a9 3 0 0 0
5fbbd768f5c8d0c18df39f95a17d54e914893b1d253b798b908e00197f06783c 4 0 0 0
ef5d524baf0d7d35518bd163f61006445b68d2985c113593d5b3b3e3e774f794 9 0 0 0
26e2f58553f5f6809f94c99b8a8963c63b1d0aa7f285a64060573788197902da 2 0 0 0
161e2a406ae1a92f939d0eb96b65ef6c2776b1dec287c59f9cb9dc6e4364bf0f 10 0 0 0
f3de251d9b9017220d8cb31a781b06df4dfca2fd069dd33f75e814e68baa8969 40 0 0 0
df64f1fb45eeee55997b057c95104b42f4331ee59dd4ce07a593394a6171b244 10 5 11 6
c7fb641dfb3ebec81e1c9d3b25081a6c474e8f8741094e69dd506e0c81c2bb88 29 0 0 0
9444cf3ec586cfc9d66539eff5530aae9bd3f17ee1b8dc86aecfebbf26b41c1f 5 5 445 7
e49f1a194e09d5d64e442a38685ca3cac73b9a9804dcf81254e288e38e467504 18 2 308 32
2dfd4e000af2ea6a21e06a62c4f2d4c61c3285b43e504d8d1b5ee80a2f6f1932 27 10 30597 29793
13a971fc8bce7393143c5ca806f10af603ce24364bcf8229579ab6eff5fce42c 22 8 30241 14967
f9c08910618cfe81e8f22ded01f215da490bf338e8cb5ab3e1d9257b2adb9331 422 0 0 0
97f2f140a4e7211eacc2591caff27df66d0b32d86df42423d2d2a071b8712b7c 165 5 333 48
36dc833b3495be4748d697f980bf829d037811c818e5f0282712d4fb96db99c8 15 0 0 0
65fc79a0bd6ef6e7934428f017dc383027d40a0a5a1422fcc8cd832e78c107bf 446 100 24214 13743
1d4d9af2ca6383e166e649afd0a1ecc9f3372d004d61f5e0982f787d3dcf23cc 275 267 112201 79420
334b584a52cb9b5d5bfd6a5f9583eeff920e4035b2b68622c444dcdcf3f8c62c 446 0 0 0
509e11119299a8f2d6a77a403838d7842aea4cc15bb372f747dd87ce016bd5d5 446 100 24214 13743
5a4ed193f4302b1853a6deefc2a7f0e425bf4265a00e10c0ca4314d1c7e7247c 8 0 0 0
28bfe2ae48370e26045695b4869cd92d5995bd7040c7cf0135a2d417bdf5bb9f 27316 0 0 0
1221d772e752edaa5b8251b63c80cd567ee4be7fd16cfc99401c4d76d47a8502 13 0 0 0
30116fba336d879ead9cdb1662b3b2274ae830462887b0c5352f82490cc50c41 2822 0 0 0
74e391072608a81d156e3839e3ad6e9b4a71116f447c1e3dfb1ba06f51178453 444 100 24214 13743
f6764167c248e0ea9af8070a498a2af2a51f453430dcbeca8a38dc623c962d6d 430 101 24611 13872
0cf5feb7886f717a059019a6a1bc7f6f1246f21a7bd9fa36650c6474c628317c 3 3 3977 0
23808c808d278c921c375bae5519a812fedc3ea2397351e65618718b107f19de 6 6 2912 412
62952b1358c9ef659311588bd44ead2517a0ca3a64ed09abee74184fab3cded5 6 6 2912 412
7bd0fe00c29cc3e6237f5605f3dc33e359046db3f486017bef006cda18e8bc6d 149886 0 0 0
02c8314ca6029f2ea252ca3d17b1eae2b33bd650c35186321c65a4ae7e3e4737 1 1 61 0
9a1e4e7eff9f29c5a93100ffdaf6f0d095653650c15562e4cf1568b99ea4493f 446 100 24214 13743
301af367eee979d68904ae8ce9f9d003e742bd89d2253f7eca08d67399176bdc 1567 0 0 0
9f03a96e82710602f7a8608167526820683a849278b4e48901be647300a76f3d 18794 0 0 0
d3c873eaa410c785bf81e8671fbcb01c6fcc00890d6cff7a440e238099ec1531 2997 0 0 0
dbd2d0a20da2909343f8ad5aefcacb8ef0264d366df85a63ae1b7f3e070f6714 5982 0 0 0
fb0864a3c3fd6a4b98b956c19a4cb4fb8c79cecf1fcc62d02a5e57adbc34c4dd 65 0 0 0
942411a9022601ffc2761b9f06fc75117f2e652286fb183499da242093ee5108 413 0 0 0
6512ee7b50425326ac4c671867cbab4d9fc17bd75320f0c41a7f5831911760fb 12152 0 0 0
d5d8455d633456769ea232ee79011191030acf3f819f6d537e0ca72441dd2b89 5936 0 0 0
f304760e382fee137480960095cf350f08cde4320163f70b4060411538760a5f 108939 0 0 0
3f469416ea87b35bab7c133fdef2a9f82188426e6c77517221574f52db52d193 17573 0 0 0
61efaacfe9788b5d0e37b771f9475455e2e423079b18da50c65ad1505fec21c8 6 0 0 0
3f1cd372b3302a4629a1e9e763b36efdc1acd0d27c6a1184a4471df60dc4238f 1 1 220 0
7422df0d9b6e4223a82af96805b66bf97ccbb4b4ca42e549fb66944f7aa21469 13 0 0 0
72584f8557cbdb4075629468fbd86333e68432a12d4e718228579d028311075c 19 19 7900 610
91d3f019aec2561aad094f95235c70b4a137732ed7057f2e6836f44fefc842e7 7 0 0 0
59f0c0a58724e0f8b7e342ea3b98fa8a4c168808ea881f1013c0f1581c15275a 3 0 0 0
ef2d4ef4541aa761fd81d2b5ebb1855b1a0491533809da46d2566d06ae5988cf 42 42 6957 750
62536c3e63173c06888625bb28a5113c77309a9295a782561249301e63f3485c 1 1 704 0
20f63ac90bb62400adcca6a1f01cc0044577784ce72bb7cfa83d2dca68a12095 183 183 11194 981
5f197f8b3de52834e30ebe89a696b1135d15a45e4f48d675653e4f56e1113b9f 9 0 0 0
b9867457649550d55ebf8cfcaedcf09fcd6c33082d6df8c35e8c1d4ae9f3b829 9 0 0 0
0903960da41ad30e8be1532401832e139fb8ebe66097177a8f1b6fe299702db5 1 1 69 0
7368f3536b6cc669c59dd447cf9724aa29adef41b4822db4a41eeae715efe1f7 1 1 184 0
e63d157679f235a04f3238318e66064f2f777b5e1e4c2f49cf5f9aa70bddb6ac 199 199 236266 111438
9b51327d8d878f62a1bf206be493b1fd81fedf9a8f8eecf62103bd026a822021 3 3 82 45
80605a668935aaefcfc55930289f55973e802c97ecf800d8e92d40bf92851fe8 9 9 4033 36
